Algebraic degrees of SDP. Format: r goes from 1 to n-1 (outer iteration), inner iteration is for m (within Pataki bounds)
512
2560
5760
7680
6720
4032
1680
480
90
10
24310
218790
939510
2556840
4942080
7207200
8223600
7514100
5581350
3401574
1708630
706860
238920
64680
13464
1980
165
183040
2196480
12849408
48734400
134497440
287456400
494518080
702782676
840352000
856837880
752239020
572509200
379274256
218985840
109979400
47758860
17732880
5524728
1399860
273240
36960
2640
306735
4294290
29729700
135340920
454753728
1200616560
2589850120
4687159620
7253846820
9735455532
11450581560
11893614480
10967243880
9005123160
6589370898
4290540210
2475870705
1257164370
555518040
210137928
66409200
16894020
3256110
424710
28314
151008
2265120
17039880
85388160
319703010
951716634
2341680000
4888976400
8824277760
13956580320
19532000544
24351204120
27161730960
27161730960
24351204120
19532000544
13956580320
8824277760
4888976400
2341680000
951716634
319703010
85388160
17039880
2265120
151008
28314
424710
3256110
16894020
66409200
210137928
555518040
1257164370
2475870705
4290540210
6589370898
9005123160
10967243880
11893614480
11450581560
9735455532
7253846820
4687159620
2589850120
1200616560
454753728
135340920
29729700
4294290
306735
2640
36960
273240
1399860
5524728
17732880
47758860
109979400
218985840
379274256
572509200
752239020
856837880
840352000
702782676
494518080
287456400
134497440
48734400
12849408
2196480
183040
165
1980
13464
64680
238920
706860
1708630
3401574
5581350
7514100
8223600
7207200
4942080
2556840
939510
218790
24310
10
90
480
1680
4032
6720
7680
5760
2560
512
