Algebraic degrees of SDP. Format: r goes from 1 to n-1 (outer iteration), inner iteration is for m (within Pataki bounds)
1024
5632
14080
21120
21120
14784
7392
2640
660
110
11
92378
923780
4424420
13492050
29380065
48573096
63286080
66580800
57492600
41195000
24663468
12382194
5214055
1834140
533280
125400
22869
2970
220
1244672
16803072
110702592
473670912
1478148672
3582225504
7010647776
11376539856
15598733166
18324575192
18637944380
16544083094
12893323399
8859542274
5381453616
2891718720
1372689384
573288144
209052844
65735670
17474457
3803514
641784
75504
4719
3476330
55621280
439408112
2281167746
8741124821
26332872566
64877909096
134291928056
238115866846
366978173848
497149429348
597248664298
640700357803
617049002614
535648715272
420234874312
298352778877
191669104176
111233595528
58113493020
27178693850
11283767660
4108987652
1290116828
340689635
72892820
11891880
1321320
75504
2617472
45805760
399919520
2317343600
10006976408
34295485796
97031261470
232819775760
483080794680
879575980624
1421303808595
2056316403262
2682041430232
3170237575252
3409016432602
3343263723360
2994118243116
2448730671156
1826639974181
1239599664446
762161901644
422096857754
208893186359
91407703244
34871069376
11379056832
3093068550
673590060
110424600
12146706
674817
674817
12146706
110424600
673590060
3093068550
11379056832
34871069376
91407703244
208893186359
422096857754
762161901644
1239599664446
1826639974181
2448730671156
2994118243116
3343263723360
3409016432602
3170237575252
2682041430232
2056316403262
1421303808595
879575980624
483080794680
232819775760
97031261470
34295485796
10006976408
2317343600
399919520
45805760
2617472
75504
1321320
11891880
72892820
340689635
1290116828
4108987652
11283767660
27178693850
58113493020
111233595528
191669104176
298352778877
420234874312
535648715272
617049002614
640700357803
597248664298
497149429348
366978173848
238115866846
134291928056
64877909096
26332872566
8741124821
2281167746
439408112
55621280
3476330
4719
75504
641784
3803514
17474457
65735670
209052844
573288144
1372689384
2891718720
5381453616
8859542274
12893323399
16544083094
18637944380
18324575192
15598733166
11376539856
7010647776
3582225504
1478148672
473670912
110702592
16803072
1244672
220
2970
22869
125400
533280
1834140
5214055
12382194
24663468
41195000
57492600
66580800
63286080
48573096
29380065
13492050
4424420
923780
92378
11
110
660
2640
7392
14784
21120
21120
14080
5632
1024
