Algebraic degrees of SDP. Format: r goes from 1 to n-1 (outer iteration), inner iteration is for m (within Pataki bounds)
2048
12288
33792
56320
63360
50688
29568
12672
3960
880
132
12
352716
3879876
20507916
69283500
167884860
310419252
454923612
541847592
533641680
439810800
305841360
180401936
90516816
38651184
14014000
4288284
1093950
227370
36894
4290
286
8599552
128993280
945384960
4507183616
15703504128
42590036736
93533033152
170840614464
264555063576
352317355944
407914135584
414076995408
370961940864
294806504688
208639117776
131860428968
74545273368
37714350672
17058087808
6877695936
2458921920
772878496
210759120
48854520
9319596
1384812
144144
8008
40831076
734959368
6528168504
38102599392
164207671056
556748786880
1545358918532
3608323595448
7228084906146
12607003968988
19366946100216
26444214400032
32330543644256
35604644330112
35491941468984
32150791846888
26548043626236
20027987098548
13823851034708
8734620571248
5049988922472
2667402339888
1283475272508
560076057684
220224202484
77325149616
23942919000
6424466048
1456890864
268945248
38035140
3680820
184041
48542208
970844160
9659899392
63663105792
312239818176
1214243604288
3896024399904
10598935470864
24934814280272
51492186542784
94434134398656
155241871229952
230492853208416
310997300425872
383269221956480
433195733071368
450519169531176
432178728775792
383066185615392
314015854844544
238101972415712
166884656197344
107952965869728
64285666390216
35113021282872
17504339089536
7912579394096
3215994631200
1162468726848
368375147712
100395262968
22913730840
4212047840
585897312
54966912
2617472
18076916
379615236
4000560564
28151320340
148553188212
626130392316
2192957905996
6557473185120
17073153377280
39283612756960
80807347839504
149975138659632
252998444885680
390231456639024
552953869961064
722480507552804
872856670389132
976971120882900
1014237909639988
976971120882900
872856670389132
722480507552804
552953869961064
390231456639024
252998444885680
149975138659632
80807347839504
39283612756960
17073153377280
6557473185120
2192957905996
626130392316
148553188212
28151320340
4000560564
379615236
18076916
2617472
54966912
585897312
4212047840
22913730840
100395262968
368375147712
1162468726848
3215994631200
7912579394096
17504339089536
35113021282872
64285666390216
107952965869728
166884656197344
238101972415712
314015854844544
383066185615392
432178728775792
450519169531176
433195733071368
383269221956480
310997300425872
230492853208416
155241871229952
94434134398656
51492186542784
24934814280272
10598935470864
3896024399904
1214243604288
312239818176
63663105792
9659899392
970844160
48542208
184041
3680820
38035140
268945248
1456890864
6424466048
23942919000
77325149616
220224202484
560076057684
1283475272508
2667402339888
5049988922472
8734620571248
13823851034708
20027987098548
26548043626236
32150791846888
35491941468984
35604644330112
32330543644256
26444214400032
19366946100216
12607003968988
7228084906146
3608323595448
1545358918532
556748786880
164207671056
38102599392
6528168504
734959368
40831076
8008
144144
1384812
9319596
48854520
210759120
772878496
2458921920
6877695936
17058087808
37714350672
74545273368
131860428968
208639117776
294806504688
370961940864
414076995408
407914135584
352317355944
264555063576
170840614464
93533033152
42590036736
15703504128
4507183616
945384960
128993280
8599552
286
4290
36894
227370
1093950
4288284
14014000
38651184
90516816
180401936
305841360
439810800
533641680
541847592
454923612
310419252
167884860
69283500
20507916
3879876
352716
12
132
880
3960
12672
29568
50688
63360
56320
33792
12288
2048
