Algebraic degrees of SDP. Format: r goes from 1 to n-1 (outer iteration), inner iteration is for m (within Pataki bounds)
4096
26624
79872
146432
183040
164736
109824
54912
20592
5720
1144
156
13
1352078
16224936
93822456
347895548
928676034
1899476436
3093671152
4116490092
4555739331
4247222408
3366036960
2282226960
1329301512
666633968
287973504
107002896
34068034
9225216
2096380
390390
57057
6006
364
60196864
993248256
8016932352
42156078848
162282881280
487285948032
1187488083392
2412917376480
4168362767400
6211679216340
8074566259350
9236089124132
9360929720376
8452870498488
6830416563386
4956154250424
3237720161988
1907841399646
1015149772247
487873868742
211608779408
82661631104
28971901608
9055733856
2501204056
602115228
123731322
21006700
2788500
260260
13013
493684828
9873696560
97437795000
631994530076
3028290137626
11424461918220
35318200804328
91954427353048
205670685434838
401145060828408
690273749222044
1057702951241352
1454111387168232
1804723140314120
2032513419933360
2086070845279616
1958186255984010
1686164184932760
1335113431096120
973936751246420
655431230017566
407239308151780
233650896393772
123719529718356
60375153069491
27089133666192
11135217438072
4172317544668
1415212613906
430471813044
115926621720
27155206624
5395497042
875826952
109309200
9369360
416416
950250496
21380636160
238960051200
1767046694400
9717195745920
42351299724864
152270578371392
464202881666784
1224053986430028
2834345006043408
5831646764169512
10762746471527388
17955701674216722
27252704621504596
37833476327315448
48258269245498728
56775970532406478
61810768951418448
62437891583528604
58651474528449400
51322742298125064
41887651950056744
31910827488887984
22697155951526160
15067831959641682
9327794805382560
5376133031270040
2878147110024420
1426675741469030
652063466142972
273319639324108
104350902350188
35974133398047
11074507189460
3000732154992
702011723556
138073190970
21956879516
2652376584
216922992
9038458
530803988
12739295712
152871548544
1221379976388
7300902621870
34793416015644
137579270303176
463905963847560
1360713295812910
3524629490133752
8158278935479452
17034772573349856
32336362421424880
56163346612381320
89734074095703440
132485571594394512
181441584060289566
231226695691926480
274916126179309264
305577720245746260
318039745511079462
310273920654346220
283901910934620888
243665143356847992
196086132701248576
147819136396078056
104234269720628268
68611955551722804
42047213020145190
23908767466718420
12561725544481880
6067395288111456
2677471987005894
1071351394571328
385101779896080
122910847156968
34315668035012
8217185184936
1642466657104
263391031904
31813349568
2576782208
105174784
105174784
2576782208
31813349568
263391031904
1642466657104
8217185184936
34315668035012
122910847156968
385101779896080
1071351394571328
2677471987005894
6067395288111456
12561725544481880
23908767466718420
42047213020145190
68611955551722804
104234269720628268
147819136396078056
196086132701248576
243665143356847992
283901910934620888
310273920654346220
318039745511079462
305577720245746260
274916126179309264
231226695691926480
181441584060289566
132485571594394512
89734074095703440
56163346612381320
32336362421424880
17034772573349856
8158278935479452
3524629490133752
1360713295812910
463905963847560
137579270303176
34793416015644
7300902621870
1221379976388
152871548544
12739295712
530803988
9038458
216922992
2652376584
21956879516
138073190970
702011723556
3000732154992
11074507189460
35974133398047
104350902350188
273319639324108
652063466142972
1426675741469030
2878147110024420
5376133031270040
9327794805382560
15067831959641682
22697155951526160
31910827488887984
41887651950056744
51322742298125064
58651474528449400
62437891583528604
61810768951418448
56775970532406478
48258269245498728
37833476327315448
27252704621504596
17955701674216722
10762746471527388
5831646764169512
2834345006043408
1224053986430028
464202881666784
152270578371392
42351299724864
9717195745920
1767046694400
238960051200
21380636160
950250496
416416
9369360
109309200
875826952
5395497042
27155206624
115926621720
430471813044
1415212613906
4172317544668
11135217438072
27089133666192
60375153069491
123719529718356
233650896393772
407239308151780
655431230017566
973936751246420
1335113431096120
1686164184932760
1958186255984010
2086070845279616
2032513419933360
1804723140314120
1454111387168232
1057702951241352
690273749222044
401145060828408
205670685434838
91954427353048
35318200804328
11424461918220
3028290137626
631994530076
97437795000
9873696560
493684828
13013
260260
2788500
21006700
123731322
602115228
2501204056
9055733856
28971901608
82661631104
211608779408
487873868742
1015149772247
1907841399646
3237720161988
4956154250424
6830416563386
8452870498488
9360929720376
9236089124132
8074566259350
6211679216340
4168362767400
2412917376480
1187488083392
487285948032
162282881280
42156078848
8016932352
993248256
60196864
364
6006
57057
390390
2096380
9225216
34068034
107002896
287973504
666633968
1329301512
2282226960
3366036960
4247222408
4555739331
4116490092
3093671152
1899476436
928676034
347895548
93822456
16224936
1352078
13
156
1144
5720
20592
54912
109824
164736
183040
146432
79872
26624
4096
