Algebraic degrees of SDP. Format: r goes from 1 to n-1 (outer iteration), inner iteration is for m (within Pataki bounds)
8192
57344
186368
372736
512512
512512
384384
219648
96096
32032
8008
1456
182
14
5200300
67603900
424552492
1714434904
4999631728
11210255056
20092584512
29547842324
36312814538
37793021266
33636364762
25782879304
17106325600
9856395744
4940805408
2155609456
817690692
268960692
76336260
18538520
3798080
640640
85176
8190
455
426008576
7668154368
67596447744
388728195072
1639094290944
5400328969728
14468175396864
32389339514112
61789265659296
101940348318592
147109522578480
187364719826280
212127004288640
214719711918880
195229584739336
160051351481392
118667378380768
79762835116048
48691718679712
27029924795972
13654538202704
6277560887136
2624866129396
996655669744
342689786656
106236541248
29499405936
7266756952
1565788224
288960672
44196152
5301296
448448
20384
6114096716
134510127752
1460395672736
10425408343168
55012991304544
228726891082144
779987303114656
2242468735345384
5545086779024104
11972770566176056
22840354918054576
38861491409692224
59424893580062192
82185045908974736
103343316945594908
118676667026923616
124932497366236469
120948877204810382
107975650207111596
89093642016849288
68076775177963552
48245967924636664
31750897436545612
19419796537828596
11043589667659668
5838955045042392
2868592578035184
1307936885727472
552378466208296
215461788723688
77312745252106
25382234467954
7569487945838
2030812907396
483837083912
100558539536
17777894160
2575012440
287587300
22122100
884884
19443587072
486089676800
6031349542400
49486487464960
301846731447040
1459028451462400
5818146988937920
19675910623183360
57574685895058360
148008391851340440
338278268128060736
693978758530364960
1287948895681995904
2176477352591337600
3367360096693342176
4792118007775156912
6298014739699875808
7670375006628244960
8682894808425357072
9159513968390378880
9024243438850802400
8319708126255250144
7188813769319356776
5829312960517441416
4440289251879600434
3179207857475963306
2140266905226435608
1354629674158128704
805671070992934272
449841224855586816
235439520705107040
115270131838375248
52647337639263264
22352202632807712
8782206516925296
3175327118588352
1049119857804928
313965803488064
84157954829312
19914621083136
4080842995320
705116374872
98799390144
10547173728
764539776
28316288
16785284152
453202672104
6104906583048
54656834677536
365592219256992
1947388964661504
8599139189591600
32357538878844816
105858515924375760
305716499841120368
788747090469722384
1835472311826332816
3882973624224299696
7516817973321380464
13389384974450181424
22049372140215790552
33705946309113402352
47997544406483568988
63864305023680931588
79610601998243456504
93184634055782928464
102616635169692654192
106485468562753041216
104261631477796353288
96415574345015963128
84265244542017397768
69627155305091203456
54393051610869358192
40160373466036378464
28005139763897102352
18424288717343608652
11418331686431443956
6653076019579148523
3635653602862210384
1857689179017102860
884320562910328544
390471673268639872
159085771064054016
59428240102886928
20200059715453800
6189245723569272
1689525843672264
404796779955568
83461005884256
14411439631680
2003009264256
210361703552
14862511664
530803988
4751252480
133035069440
1869142725632
17548988597504
123734191188608
698201120716736
3281669906965632
13205252868191280
46409024997680800
144623982695276448
404405600037282480
1024420872606348672
2369318558288391808
5035979319885244192
9891160507782158976
18036142624360771008
30655522394903503104
48733573362297549824
72672638032941075136
101908817344073334784
134663276950759810624
167964386397599106816
198013255724099316144
220856071853132245992
233209506961054585248
233209506961054585248
220856071853132245992
198013255724099316144
167964386397599106816
134663276950759810624
101908817344073334784
72672638032941075136
48733573362297549824
30655522394903503104
18036142624360771008
9891160507782158976
5035979319885244192
2369318558288391808
1024420872606348672
404405600037282480
144623982695276448
46409024997680800
13205252868191280
3281669906965632
698201120716736
123734191188608
17548988597504
1869142725632
133035069440
4751252480
530803988
14862511664
210361703552
2003009264256
14411439631680
83461005884256
404796779955568
1689525843672264
6189245723569272
20200059715453800
59428240102886928
159085771064054016
390471673268639872
884320562910328544
1857689179017102860
3635653602862210384
6653076019579148523
11418331686431443956
18424288717343608652
28005139763897102352
40160373466036378464
54393051610869358192
69627155305091203456
84265244542017397768
96415574345015963128
104261631477796353288
106485468562753041216
102616635169692654192
93184634055782928464
79610601998243456504
63864305023680931588
47997544406483568988
33705946309113402352
22049372140215790552
13389384974450181424
7516817973321380464
3882973624224299696
1835472311826332816
788747090469722384
305716499841120368
105858515924375760
32357538878844816
8599139189591600
1947388964661504
365592219256992
54656834677536
6104906583048
453202672104
16785284152
28316288
764539776
10547173728
98799390144
705116374872
4080842995320
19914621083136
84157954829312
313965803488064
1049119857804928
3175327118588352
8782206516925296
22352202632807712
52647337639263264
115270131838375248
235439520705107040
449841224855586816
805671070992934272
1354629674158128704
2140266905226435608
3179207857475963306
4440289251879600434
5829312960517441416
7188813769319356776
8319708126255250144
9024243438850802400
9159513968390378880
8682894808425357072
7670375006628244960
6298014739699875808
4792118007775156912
3367360096693342176
2176477352591337600
1287948895681995904
693978758530364960
338278268128060736
148008391851340440
57574685895058360
19675910623183360
5818146988937920
1459028451462400
301846731447040
49486487464960
6031349542400
486089676800
19443587072
884884
22122100
287587300
2575012440
17777894160
100558539536
483837083912
2030812907396
7569487945838
25382234467954
77312745252106
215461788723688
552378466208296
1307936885727472
2868592578035184
5838955045042392
11043589667659668
19419796537828596
31750897436545612
48245967924636664
68076775177963552
89093642016849288
107975650207111596
120948877204810382
124932497366236469
118676667026923616
103343316945594908
82185045908974736
59424893580062192
38861491409692224
22840354918054576
11972770566176056
5545086779024104
2242468735345384
779987303114656
228726891082144
55012991304544
10425408343168
1460395672736
134510127752
6114096716
20384
448448
5301296
44196152
288960672
1565788224
7266756952
29499405936
106236541248
342689786656
996655669744
2624866129396
6277560887136
13654538202704
27029924795972
48691718679712
79762835116048
118667378380768
160051351481392
195229584739336
214719711918880
212127004288640
187364719826280
147109522578480
101940348318592
61789265659296
32389339514112
14468175396864
5400328969728
1639094290944
388728195072
67596447744
7668154368
426008576
455
8190
85176
640640
3798080
18538520
76336260
268960692
817690692
2155609456
4940805408
9856395744
17106325600
25782879304
33636364762
37793021266
36312814538
29547842324
20092584512
11210255056
4999631728
1714434904
424552492
67603900
5200300
14
182
1456
8008
32032
96096
219648
384384
512512
512512
372736
186368
57344
8192
