Algebraic degrees of SDP. Format: r goes from 1 to n-1 (outer iteration), inner iteration is for m (within Pataki bounds)
128
512
896
896
560
224
56
8
1716
12012
39732
82236
119028
127596
104692
66948
33540
13020
3780
756
84
4224
38016
166752
472608
969240
1528056
1920960
1970016
1669632
1174752
683616
324624
122400
34800
6720
672
2772
27720
138600
458304
1121424
2155104
3368484
4371696
4763094
4371696
3368484
2155104
1121424
458304
138600
27720
2772
672
6720
34800
122400
324624
683616
1174752
1669632
1970016
1920960
1528056
969240
472608
166752
38016
4224
84
756
3780
13020
33540
66948
104692
127596
119028
82236
39732
12012
1716
8
56
224
560
896
896
512
128
