Algebraic degrees of SDP. Format: r goes from 1 to n-1 (outer iteration), inner iteration is for m (within Pataki bounds)
256
1152
2304
2688
2016
1008
336
72
9
6435
51480
195624
468468
791406
1000692
980784
761364
474145
238140
96120
30660
7434
1260
120
27456
288288
1474704
4882152
11730204
21753414
32341747
39534966
40431528
34998864
25821486
16273512
8736564
3960198
1490049
451638
104544
16632
1386
28314
339768
2023164
7935642
22988691
52317738
97190280
151194384
200446380
229154976
227546064
196897662
148400259
96991398
54478116
25906608
10189530
3195720
752400
118800
9504
9504
118800
752400
3195720
10189530
25906608
54478116
96991398
148400259
196897662
227546064
229154976
200446380
151194384
97190280
52317738
22988691
7935642
2023164
339768
28314
1386
16632
104544
451638
1490049
3960198
8736564
16273512
25821486
34998864
40431528
39534966
32341747
21753414
11730204
4882152
1474704
288288
27456
120
1260
7434
30660
96120
238140
474145
761364
980784
1000692
791406
468468
195624
51480
6435
9
72
336
1008
2016
2688
2304
1152
256
